3,2
3,1
3,3
10,153
10,173
10,307
10,301
10,247
10,197
10,181
10,149
11,14
9,5
8,15
8,10
8,11
8,5
8,2
8,3
38,4
38,3
38,2
38,1
38,0
37,4
37,3
37,2
37,1
37,0
36,5
36,4
36,3
36,2
36,1
36,0
32,4
32,3
32,2
32,1
32,0
30,4
30,3
30,2
30,1
30,0
27,4
27,3
27,2
27,1
27,0
20,3
20,2
20,1
19,3
19,2
19,1
12,3
12,2
12,1
11,29
11,28
11,27
11,26
11,25
11,24
11,23
11,22
11,21
11,17
11,16
11,15
11,13
11,12
11,11
11,9
11,8
11,7
11,6
11,5
11,4
11,3
11,2
11,1
10,302
10,298
10,294
10,282
10,274
10,268
10,255
18,1
10,243
10,241
18,3
14,1
10,168
10,136
